22521
959
18942
24570
21389
18735
25707
5822
19043
2954
16387
22072
26220
13388
10854
22364
22361
25780
28385
27409
21003
18285
29063
30957
9291
9581
131
23360
12476
16926
20396
15445
26381
17083
21082
22772
3187
9469
26488
19499
26711
2296
3035
18511
10572
21055
1746
24893
5699
25679
17663
19429
24578
32299
21861
14090
9938
31043
15553
8515
2168
28570
4894
20550
19047
3368
8100
19813
29748
4222
26289
2905
28234
16040
24107
6463
30943
20055
15380
1760
3879
3648
4958
24117
2759
19135
13057
22059
7052
14016
31564
8867
26461
23519
7544
1469
26222
21966
31107
1622
