22521
959
18942
24570
21389
18735
25707
5822
19043
2954
16387
22072
26220
13388
10854
22364
22361
25780
28385
27409
21003
18285
29063
30957
9291
9581
131
23360
12476
16926
20396
15445
26381
17083
21082
22772
3187
9469
26488
19499
26711
2296
3035
18511
10572
21055
1746
24893
5699
25679
17663
19429
24578
32299
21861
14090
9938
31043
15553
8515
2168
28570
4894
20550
19047
3368
8100
19813
29748
4222
26289
2905
28234
16040
24107
6463
30943
20055
15380
1760
3879
3648
4958
24117
2759
19135
13057
22059
7052
14016
31564
8867
26461
23519
7544
1469
26222
21966
31107
1622
20407
23799
3644
28623
10661
25699
12186
32528
21263
20187
30545
24781
6251
32589
9127
25864
10562
18545
22660
3032
481
32683
30409
20328
7506
14132
32227
20290
906
25461
11168
16590
2020
28595
20033
18709
19406
1521
31952
9163
22978
3602
10676
15245
27769
10303
17282
5991
13915
9864
22550
16793
15673
18894
28131
2971
7742
17888
1927
21342
20003
20708
1442
11733
10659
16889
23273
6836
27183
794
18038
9592
21218
23109
2146
6055
10679
19933
17558
8281
20730
10318
2014
5367
5372
24303
9024
12099
523
24620
20875
27800
22177
3300
23346
29299
26076
24848
11355
7219
32302
4006
4404
5661
10326
5565
3206
10659
21135
2289
31884
7910
15367
9481
517
22393
13458
23767
23944
1640
1184
29280
14104
10617
4461
23101
1016
10161
4471
28225
32448
14618
25909
13148
26033
31684
26630
14015
29510
23050
19816
17985
17675
9750
24170
2050
9394
3752
11108
13646
26468
20754
1509
31940
22357
19592
22253
20407
23451
23190
9564
7892
21056
4338
24747
18949
20630
20596
17370
18326
15818
17763
25769
18071
31676
15602
17163
20609
4622
29706
27864
11804
3964
17226
2498
5023
5483
19533
25482
22553
16836
3115
15988
15377
27394
30530
5624
873
25226
566
